795455
795455 433905 224143 108545 48639 19825 7183 2241 575 113 15 1 
227305 134245 75517 40081 19825 8989 3653 1289 377 85 13 1 
56695 36365 22363 13073 7183 3653 1683 681 231 61 11 1 
11969 8361 5641 3649 2241 1289 681 321 129 41 9 1 
2047 1561 1159 833 575 377 231 129 63 25 7 1 
265 221 181 145 113 85 61 41 25 13 5 1 
23 21 19 17 15 13 11 9 7 5 3 1 
1 1 1 1 1 1 1 1 1 1 1 0 

